93.593469
93.155683
92.526349
92.922567
93.273871
93.188093
92.877990
93.481498
93.143297
92.777797
93.477219
93.329407
93.035231
93.371306
93.387431
93.327032
92.939897
93.259190
93.319218
93.211982

0.114640
0.114424
0.116044
0.113575
0.102091
0.104733
0.112657
0.119035
0.113649
0.113598
0.100087
0.117614
0.100887
0.116985
0.103362
0.114903
0.106953
0.113056
0.105754
0.103506

0.094997
0.096287
0.105085
0.093086
0.091911
0.104280
0.103326
0.098178
0.104746
0.104740
0.105183
0.101016
0.105628
0.100730
0.093277
0.103123
0.101063
0.106986
0.093148
0.105861
