149.329210
149.901242
148.299100
147.298434
147.728493
147.472081
147.649888
147.947385
147.331580
147.839273
147.339988
146.594208
147.465285
146.509349
147.291747
148.152184
146.992861
147.915625
146.724432
147.195511

0.118966
0.108971
0.112652
0.116166
0.114990
0.118885
0.110113
0.111056
0.112631
0.115899
0.117284
0.112459
0.114111
0.106702
0.106481
0.120008
0.120401
0.109078
0.107920
0.116683

0.116002
0.120532
0.117771
0.105078
0.117342
0.113558
0.106788
0.114823
0.106932
0.107975
0.103842
0.112194
0.112173
0.109862
0.116141
0.106996
0.112675
0.117593
0.116462
0.112277
